[  806.007883] [Project1] 6728 1588474885.598056147 1588474886.053759406
[  806.007965] [Project1] 6727 1588474885.142345503 1588474885.598049765
[  806.008035] [Project1] 6726 1588474884.683259944 1588474885.142339141
[  806.008099] [Project1] 6725 1588474884.195804121 1588474884.683253872
[  806.008164] [Project1] 6724 1588474883.725056818 1588474884.195797910
[  806.008233] [Project1] 6723 1588474883.263689405 1588474883.725051237
[  806.008300] [Project1] 6722 1588474882.802278711 1588474883.263683404
[  806.008365] [Project1] 6721 1588474882.340904598 1588474882.802272810
[  806.008434] [Project1] 6720 1588474881.879584591 1588474882.340898948
[  806.008498] [Project1] 6719 1588474881.417847724 1588474881.879577377
